B_nihoa_A_2673,B_nihoa_B_2673,B_kauaiensis_A_2673,B_kauaiensis_B_2673,B_unica_A_2673,B_unica_B_2673,B_parvula_A_2673,B_parvula_B_2673,B_molokaiensis_A_2673,B_molokaiensis_B_2673,B_deplanata_A_2673,B_deplanata_B_2673,B_brunnea_A_2673,B_brunnea_B_2673,B_mauiensis_A_2673,B_mauiensis_B_2673,B_pilimauiensis_A_2673,B_pilimauiensis_B_2673,B_nitida_A_2673,B_nitida_B_2673,B_nitida_C_2673,R_lineosa_2673,R_dubia_2673,Neoconocephalus_sp_2673
0.0,0.0,0.0,0.0,0.14190913730000002,0.0,0.0,0.1260460251,0.0,0.0,0.1445720251,0.0,0.0,0.0,0.1383358857,0.1388463502,0.1384065373,0.1378958121,0.0,0.0,0.1460615545,0.1327207759,0.1373149566,0.1598901099
0.0,0.0,0.1422805247,0.1442986882,0.1417759839,0.0,0.1369378474,0.12661498710000002,0.1386036961,0.1353620147,0.1449200619,0.0,0.0,0.0,0.0,0.1387487386,0.13831398279999998,0.1378091873,0.14437152949999998,0.0,0.0,0.1331987891,0.1377396569,0.1600651112
0.0,0.1422805247,0.0,0.0,0.0977822581,0.0,0.0,0.0,0.0,0.0,0.0726429675,0.0,0.0,0.0,0.0,0.0,0.0,0.0892586989,0.0953101362,0.0929387331,0.0,0.1456653226,0.138608871,0.1533875339
0.0,0.1442986882,0.0,0.0,0.0977822581,0.0,0.0,0.0387196696,0.061025641,0.0,0.0705821741,0.0,0.0892586989,0.0,0.0897177419,0.0,0.0897629854,0.0897629854,0.0943015633,0.0919003115,0.0932028836,0.0,0.0,0.0
0.14190913730000002,0.1417759839,0.0977822581,0.0977822581,0.0,0.0,0.0943967693,0.07537429009999999,0.0,0.0885744235,0.0973724884,0.0979381443,0.0887544125,0.08686868689999999,0.0,0.0,0.0,0.0821986889,0.0,0.0903426791,0.0926879506,0.0,0.0,0.0
0.0,0.0,0.0,0.0,0.0,0.0,0.1014650027,0.0,0.0,0.0,0.0,0.1071032186,0.0,0.0890336591,0.0888407367,0.0888407367,0.0894308943,0.0883468835,0.0959349593,0.0,0.0997782705,0.1500541712,0.0,0.0
0.0,0.1369378474,0.0,0.0,0.0943967693,0.1014650027,0.0,0.0127811861,0.0642013354,0.0635170604,0.0,0.0784718637,0.0,0.0,0.0926853707,0.0,0.0924242424,0.0924242424,0.096048024,0.0,0.1005673027,0.0,0.0,0.0
0.1260460251,0.12661498710000002,0.0,0.0387196696,0.07537429009999999,0.0,0.0127811861,0.0,0.0546505518,0.0537345513,0.0,0.0,0.0,0.0,0.074795082,0.0751533742,0.07644628099999999,0.0,0.0,0.0,0.0839050132,0.1370143149,0.1242331288,0.0
0.0,0.1386036961,0.0,0.061025641,0.0,0.0,0.0642013354,0.0546505518,0.0,0.000524109,0.0623390005,0.0,0.0,0.08427543679999999,0.0,0.0866666667,0.0,0.0,0.0903027193,0.0908141962,0.0906282183,0.0,0.0,0.0
0.0,0.1353620147,0.0,0.0,0.0885744235,0.0,0.0635170604,0.0537345513,0.000524109,0.0,0.0,0.0,0.0,0.0823714586,0.0833333333,0.0,0.0,0.0,0.0,0.0885805763,0.0892857143,0.0,0.1367924528,0.0
0.1445720251,0.1449200619,0.0726429675,0.0705821741,0.0973724884,0.0,0.0,0.0,0.0623390005,0.0,0.0,0.0,0.08505154640000001,0.0846670108,0.0,0.0,0.0834621329,0.0,0.0881443299,0.0875721028,0.0,0.0,0.0,0.1509433962
0.0,0.0,0.0,0.0,0.0979381443,0.1071032186,0.0784718637,0.0,0.0,0.0,0.0,0.0,0.0,0.0,0.0,0.0,0.0,0.08505154640000001,0.0,0.0,0.0,0.1536082474,0.0,0.1515824542
0.0,0.0,0.0,0.0892586989,0.0887544125,0.0,0.0,0.0,0.0,0.0,0.08505154640000001,0.0,0.0,0.0035017509000000004,0.0,0.0,0.0,0.0,0.0509745127,0.0498701299,0.0,0.0,0.1488511489,0.15512614060000002
0.0,0.0,0.0,0.0,0.08686868689999999,0.0890336591,0.0,0.0,0.08427543679999999,0.0823714586,0.0846670108,0.0,0.0035017509000000004,0.0,0.0481203008,0.0,0.050530571,0.0495199596,0.0,0.0504682622,0.0,0.1505752876,0.0,0.0
0.1383358857,0.0,0.0,0.0897177419,0.0,0.0888407367,0.0926853707,0.074795082,0.0,0.0833333333,0.0,0.0,0.0,0.0481203008,0.0,0.0,0.0,0.0095814423,0.0520520521,0.0508826584,0.0,0.1430715358,0.0,0.0
0.1388463502,0.1387487386,0.0,0.0,0.0,0.0888407367,0.0,0.0751533742,0.0866666667,0.0,0.0,0.0,0.0,0.0,0.0,0.0,0.0,0.0,0.0524475524,0.0508826584,0.0602471679,0.0,0.1352970544,0.1502145923
0.1384065373,0.13831398279999998,0.0,0.0897629854,0.0,0.0894308943,0.0924242424,0.07644628099999999,0.0,0.0,0.0834621329,0.0,0.0,0.050530571,0.0,0.0,0.0,0.0030257186,0.0544904137,0.0,0.0,0.0,0.0,0.0
0.1378958121,0.1378091873,0.0892586989,0.0897629854,0.0821986889,0.0883468835,0.0924242424,0.0,0.0,0.0,0.0,0.08505154640000001,0.0,0.0495199596,0.0095814423,0.0,0.0030257186,0.0,0.053481332,0.0524402908,0.0,0.1442259203,0.0,0.0
0.0,0.14437152949999998,0.0953101362,0.0943015633,0.0,0.0959349593,0.096048024,0.0,0.0903027193,0.0,0.0881443299,0.0,0.0509745127,0.0,0.0520520521,0.0524475524,0.0544904137,0.053481332,0.0,0.0,0.0556414219,0.1503496503,0.0,0.0
0.0,0.0,0.0929387331,0.0919003115,0.0903426791,0.0,0.0,0.0,0.0908141962,0.0885805763,0.0875721028,0.0,0.0498701299,0.0504682622,0.0508826584,0.0508826584,0.0,0.0524402908,0.0,0.0,0.0513626834,0.1505711319,0.0,0.1554091159
0.1460615545,0.0,0.0,0.0932028836,0.0926879506,0.0997782705,0.1005673027,0.0839050132,0.0906282183,0.0892857143,0.0,0.0,0.0,0.0,0.0,0.0602471679,0.0,0.0,0.0556414219,0.0513626834,0.0,0.0,0.0,0.153078203
0.1327207759,0.1331987891,0.1456653226,0.0,0.0,0.1500541712,0.0,0.1370143149,0.0,0.0,0.0,0.1536082474,0.0,0.1505752876,0.1430715358,0.0,0.0,0.1442259203,0.1503496503,0.1505711319,0.0,0.0,0.0,0.15718884119999998
0.1373149566,0.1377396569,0.138608871,0.0,0.0,0.0,0.0,0.1242331288,0.0,0.1367924528,0.0,0.0,0.1488511489,0.0,0.0,0.1352970544,0.0,0.0,0.0,0.0,0.0,0.0,0.0,0.1593347639
0.1598901099,0.1600651112,0.1533875339,0.0,0.0,0.0,0.0,0.0,0.0,0.0,0.1509433962,0.1515824542,0.15512614060000002,0.0,0.0,0.1502145923,0.0,0.0,0.0,0.1554091159,0.153078203,0.15718884119999998,0.1593347639,0.0
