B_nihoa_A_2673,B_nihoa_B_2673,B_kauaiensis_A_2673,B_kauaiensis_B_2673,B_unica_A_2673,B_unica_B_2673,B_parvula_A_2673,B_parvula_B_2673,B_molokaiensis_A_2673,B_molokaiensis_B_2673,B_deplanata_A_2673,B_deplanata_B_2673,B_brunnea_A_2673,B_brunnea_B_2673,B_mauiensis_A_2673,B_mauiensis_B_2673,B_pilimauiensis_A_2673,B_pilimauiensis_B_2673,B_nitida_A_2673,B_nitida_B_2673,B_nitida_C_2673,R_lineosa_2673,R_dubia_2673,Neoconocephalus_sp_2673
0.0,0.0,0.0,0.1439509954,0.14190913730000002,0.0,0.0,0.0,0.0,0.0,0.0,0.0,0.0,0.0,0.1383358857,0.1388463502,0.1384065373,0.1378958121,0.14453524,0.0,0.1460615545,0.1327207759,0.0,0.0
0.0,0.0,0.1422805247,0.0,0.1417759839,0.0,0.1369378474,0.0,0.0,0.0,0.1449200619,0.1455108359,0.1458859162,0.0,0.1382441978,0.0,0.13831398279999998,0.1378091873,0.14437152949999998,0.1502079002,0.0,0.0,0.1377396569,0.0
0.0,0.1422805247,0.0,0.0,0.0977822581,0.0,0.0,0.0397521941,0.0,0.0,0.0,0.0731958763,0.0892586989,0.0,0.0,0.0892137097,0.0,0.0,0.0953101362,0.0,0.0,0.1456653226,0.0,0.0
0.1439509954,0.0,0.0,0.0,0.0977822581,0.0,0.0,0.0,0.061025641,0.0613207547,0.0,0.0,0.0892586989,0.0,0.0,0.0897177419,0.0897629854,0.0897629854,0.0943015633,0.0919003115,0.0932028836,0.1451612903,0.0,0.0
0.14190913730000002,0.1417759839,0.0977822581,0.0977822581,0.0,0.0,0.0943967693,0.0,0.0,0.0885744235,0.0973724884,0.0979381443,0.0887544125,0.08686868689999999,0.0816532258,0.0816532258,0.0832072617,0.0,0.0,0.0903426791,0.0,0.1481854839,0.138608871,0.0
0.0,0.0,0.0,0.0,0.0,0.0,0.1014650027,0.08698060939999999,0.0,0.0,0.1064891847,0.1071032186,0.0,0.0890336591,0.0,0.0888407367,0.0894308943,0.0883468835,0.0959349593,0.0933040615,0.0,0.0,0.139219935,0.1539295393
0.0,0.1369378474,0.0,0.0,0.0943967693,0.1014650027,0.0,0.0127811861,0.0,0.0635170604,0.0779153767,0.0784718637,0.0,0.0921382073,0.0926853707,0.09300000000000001,0.0,0.0,0.096048024,0.0,0.0,0.1495,0.132,0.0
0.0,0.0,0.0397521941,0.0,0.0,0.08698060939999999,0.0127811861,0.0,0.0,0.0537345513,0.0644139388,0.0,0.0746803069,0.0,0.074795082,0.0,0.07644628099999999,0.0,0.0803069054,0.0,0.0,0.1370143149,0.1242331288,0.0
0.0,0.0,0.0,0.061025641,0.0,0.0,0.0,0.0,0.0,0.0,0.0,0.0,0.085171883,0.08427543679999999,0.0,0.0,0.0856410256,0.0,0.0,0.0908141962,0.0906282183,0.0,0.0,0.1584759801
0.0,0.0,0.0,0.0613207547,0.0885744235,0.0,0.0635170604,0.0537345513,0.0,0.0,0.0609563847,0.0,0.0,0.0,0.0,0.0833333333,0.0828092243,0.0,0.08752620550000001,0.0,0.0,0.1504192872,0.1367924528,0.0
0.0,0.1449200619,0.0,0.0,0.0973724884,0.1064891847,0.0779153767,0.0644139388,0.0,0.0609563847,0.0,0.0005154639,0.08505154640000001,0.0,0.0808861412,0.0808861412,0.0,0.0,0.0881443299,0.0875721028,0.0901597115,0.0,0.0,0.1509433962
0.0,0.1455108359,0.0731958763,0.0,0.0979381443,0.1071032186,0.0784718637,0.0,0.0,0.0,0.0005154639,0.0,0.0856111398,0.0,0.08144329900000001,0.08144329900000001,0.0,0.08505154640000001,0.0,0.0881427072,0.0891752577,0.0,0.1453608247,0.1515824542
0.0,0.1458859162,0.0892586989,0.0892586989,0.0887544125,0.0,0.0,0.0746803069,0.085171883,0.0,0.08505154640000001,0.0856111398,0.0,0.0035017509000000004,0.0485485485,0.0,0.0499495459,0.0,0.0509745127,0.0498701299,0.0,0.0,0.1488511489,0.0
0.0,0.0,0.0,0.0,0.08686868689999999,0.0890336591,0.0921382073,0.0,0.08427543679999999,0.0,0.0,0.0,0.0035017509000000004,0.0,0.0,0.048024012000000005,0.050530571,0.0495199596,0.0515257629,0.0,0.0,0.1505752876,0.1475737869,0.1543010753
0.1383358857,0.1382441978,0.0,0.0,0.0816532258,0.0,0.0926853707,0.074795082,0.0,0.0,0.0808861412,0.08144329900000001,0.0485485485,0.0,0.0,0.0005002501,0.0,0.0,0.0,0.0,0.0,0.0,0.1350675338,0.15053763439999998
0.1388463502,0.0,0.0892137097,0.0897177419,0.0816532258,0.0888407367,0.09300000000000001,0.0,0.0,0.0833333333,0.0808861412,0.08144329900000001,0.0,0.048024012000000005,0.0005002501,0.0,0.0,0.0095814423,0.0,0.0,0.0602471679,0.0,0.1352970544,0.0
0.1384065373,0.13831398279999998,0.0,0.0897629854,0.0832072617,0.0894308943,0.0,0.07644628099999999,0.0856410256,0.0828092243,0.0,0.0,0.0499495459,0.050530571,0.0,0.0,0.0,0.0030257186,0.0544904137,0.0534787124,0.05973223480000001,0.0,0.1346444781,0.1513015184
0.1378958121,0.1378091873,0.0,0.0897629854,0.0,0.0883468835,0.0,0.0,0.0,0.0,0.0,0.08505154640000001,0.0,0.0495199596,0.0,0.0095814423,0.0030257186,0.0,0.0,0.0524402908,0.0,0.1442259203,0.1346444781,0.1496746204
0.14453524,0.14437152949999998,0.0953101362,0.0943015633,0.0,0.0959349593,0.096048024,0.0803069054,0.0,0.08752620550000001,0.0881443299,0.0,0.0509745127,0.0515257629,0.0,0.0,0.0544904137,0.0,0.0,0.0166233766,0.0556414219,0.0,0.14285714289999998,0.0
0.0,0.1502079002,0.0,0.0919003115,0.0903426791,0.0933040615,0.0,0.0,0.0908141962,0.0,0.0875721028,0.0881427072,0.0498701299,0.0,0.0,0.0,0.0534787124,0.0524402908,0.0166233766,0.0,0.0,0.0,0.0,0.1554091159
0.1460615545,0.0,0.0,0.0932028836,0.0,0.0,0.0,0.0,0.0906282183,0.0,0.0901597115,0.0891752577,0.0,0.0,0.0,0.0602471679,0.05973223480000001,0.0,0.0556414219,0.0,0.0,0.1446961895,0.0,0.0
0.1327207759,0.0,0.1456653226,0.1451612903,0.1481854839,0.0,0.1495,0.1370143149,0.0,0.1504192872,0.0,0.0,0.0,0.1505752876,0.0,0.0,0.0,0.1442259203,0.0,0.0,0.1446961895,0.0,0.0,0.0
0.0,0.1377396569,0.0,0.0,0.138608871,0.139219935,0.132,0.1242331288,0.0,0.1367924528,0.0,0.1453608247,0.1488511489,0.1475737869,0.1350675338,0.1352970544,0.1346444781,0.1346444781,0.14285714289999998,0.0,0.0,0.0,0.0,0.1593347639
0.0,0.0,0.0,0.0,0.0,0.1539295393,0.0,0.0,0.1584759801,0.0,0.1509433962,0.1515824542,0.0,0.1543010753,0.15053763439999998,0.0,0.1513015184,0.1496746204,0.0,0.1554091159,0.0,0.0,0.1593347639,0.0
